1.0000 0.8118 0.8419 0.7713 0.8257 0.8909 0.8893 0.8869 0.8508 0.8470 0.7788 0.9028 0.8582 0.7671 0.8716 0.8041 0.7738 0.8163 0.8118 1.0000 0.8764 0.8274 0.8770 0.7762 0.8283 0.8074 0.8380 0.8624 0.9000 0.8579 0.8712 0.8379 0.8049 0.8970 0.8379 0.8773 0.8419 0.8764 1.0000 0.7762 0.8745 0.8092 0.8224 0.8332 0.8388 0.8782 0.8408 0.8572 0.8451 0.7898 0.8184 0.8859 0.7945 0.8297 0.7713 0.8274 0.7762 1.0000 0.8456 0.7551 0.8157 0.7741 0.7902 0.7854 0.8340 0.8019 0.8084 0.7732 0.7723 0.8310 0.7696 0.8041 0.8257 0.8770 0.8745 0.8456 1.0000 0.8001 0.8389 0.8216 0.8228 0.8546 0.8479 0.8644 0.8401 0.7719 0.8066 0.8853 0.7713 0.8282 0.8909 0.7762 0.8092 0.7551 0.8001 1.0000 0.8881 0.9310 0.8581 0.8112 0.7789 0.8923 0.8708 0.7968 0.9115 0.7878 0.7950 0.8239 0.8893 0.8283 0.8224 0.8157 0.8389 0.8881 1.0000 0.9137 0.8635 0.8143 0.8229 0.8963 0.8821 0.8107 0.9078 0.8292 0.8120 0.8554 0.8869 0.8074 0.8332 0.7741 0.8216 0.9310 0.9137 1.0000 0.8841 0.8284 0.8088 0.9040 0.9011 0.8207 0.9423 0.8183 0.8234 0.8532 0.8508 0.8380 0.8388 0.7902 0.8228 0.8581 0.8635 0.8841 1.0000 0.8504 0.8488 0.8963 0.9253 0.8573 0.8857 0.8407 0.8630 0.9001 0.8470 0.8624 0.8782 0.7854 0.8546 0.8112 0.8143 0.8284 0.8504 1.0000 0.8438 0.8517 0.8602 0.7820 0.8116 0.8627 0.7846 0.8395 0.7788 0.9000 0.8408 0.8340 0.8479 0.7789 0.8229 0.8088 0.8488 0.8438 1.0000 0.8345 0.8675 0.8833 0.8120 0.8911 0.8718 0.9038 0.9028 0.8579 0.8572 0.8019 0.8644 0.8923 0.8963 0.9040 0.8963 0.8517 0.8345 1.0000 0.9076 0.8254 0.8953 0.8638 0.8275 0.8732 0.8582 0.8712 0.8451 0.8084 0.8401 0.8708 0.8821 0.9011 0.9253 0.8602 0.8675 0.9076 1.0000 0.8677 0.8941 0.8523 0.8730 0.9154 0.7671 0.8379 0.7898 0.7732 0.7719 0.7968 0.8107 0.8207 0.8573 0.7820 0.8833 0.8254 0.8677 1.0000 0.8334 0.8292 0.9433 0.9060 0.8716 0.8049 0.8184 0.7723 0.8066 0.9115 0.9078 0.9423 0.8857 0.8116 0.8120 0.8953 0.8941 0.8334 1.0000 0.8127 0.8355 0.8624 0.8041 0.8970 0.8859 0.8310 0.8853 0.7878 0.8292 0.8183 0.8407 0.8627 0.8911 0.8638 0.8523 0.8292 0.8127 1.0000 0.8242 0.8695 0.7738 0.8379 0.7945 0.7696 0.7713 0.7950 0.8120 0.8234 0.8630 0.7846 0.8718 0.8275 0.8730 0.9433 0.8355 0.8242 1.0000 0.9077 0.8163 0.8773 0.8297 0.8041 0.8282 0.8239 0.8554 0.8532 0.9001 0.8395 0.9038 0.8732 0.9154 0.9060 0.8624 0.8695 0.9077 1.0000 
0.8400 0.8872 0.8479 0.8131 0.8318 0.8262 0.8671 0.8590 0.8930 0.8446 0.8904 0.8828 0.9153 0.8880 0.8671 0.8723 0.8957 0.9200 0.8395 0.8657 0.8402 0.8047 0.8351 0.8486 0.8679 0.8770 0.9231 0.8394 0.8744 0.9004 0.9336 0.8835 0.8883 0.8592 0.8870 0.9191 0.8387 0.8944 0.9083 0.8207 0.8962 0.7874 0.8292 0.8147 0.8269 0.8650 0.8423 0.8589 0.8459 0.7907 0.8055 0.8810 0.7905 0.8351 0.8486 0.8937 0.8568 0.8389 0.8645 0.8251 0.8683 0.8523 0.8842 0.8607 0.9016 0.8857 0.8980 0.8491 0.8526 0.8787 0.8503 0.8949 0.8350 0.8915 0.8868 0.8040 0.8630 0.7998 0.8088 0.8199 0.8478 0.9031 0.8509 0.8649 0.8738 0.8094 0.8157 0.8728 0.8108 0.8496 0.8259 0.8387 0.8117 0.7905 0.8033 0.8617 0.8744 0.8915 0.8926 0.8088 0.8614 0.8686 0.9035 0.8964 0.9133 0.8345 0.8977 0.9126 0.8514 0.8836 0.8625 0.8093 0.8494 0.8423 0.8747 0.8738 0.9043 0.8650 0.8847 0.9036 0.9232 0.8716 0.8762 0.8845 0.8772 0.9230 0.7898 0.9000 0.8584 0.8092 0.8486 0.7721 0.8078 0.8052 0.8447 0.8520 0.8997 0.8508 0.8730 0.8918 0.8057 0.8947 0.8846 0.8859 0.9012 0.8484 0.8352 0.8026 0.8260 0.8408 0.8833 0.8533 0.8523 0.8223 0.8412 0.8730 0.8754 0.8341 0.8528 0.8280 0.8394 0.8719 0.7996 0.8654 0.8782 0.8114 0.8394 0.7843 0.8203 0.8108 0.8608 0.8762 0.8982 0.8175 0.8526 0.8551 0.8148 0.8631 0.8530 0.8815 0.7430 0.8191 0.7793 0.7674 0.7616 0.7618 0.7823 0.7894 0.8356 0.7729 0.8645 0.7978 0.8416 0.9321 0.8030 0.8232 0.9364 0.8818 0.9445 0.8354 0.8470 0.8014 0.8435 0.8906 0.9102 0.9023 0.8754 0.8578 0.8075 0.9101 0.8861 0.7972 0.8873 0.8250 0.8057 0.8452 0.8251 0.8813 0.8161 0.8328 0.8372 0.8305 0.8719 0.8623 0.8755 0.8259 0.8852 0.8782 0.9085 0.8885 0.8740 0.8694 0.8824 0.9177 0.7738 0.8174 0.7763 0.7559 0.7550 0.8165 0.8228 0.8398 0.8569 0.7639 0.8619 0.8245 0.8674 0.9384 0.8604 0.7994 0.9323 0.8916 0.8826 0.8671 0.8715 0.8148 0.8659 0.8241 0.8536 0.8328 0.8527 0.8930 0.8404 0.8596 0.8501 0.7698 0.8187 0.8610 0.7755 0.8351 0.8231 0.8996 0.8783 0.8319 0.8809 0.7950 0.8467 0.8241 0.8432 0.8802 0.8852 0.8593 0.8696 0.8187 0.8124 0.9002 0.8193 0.8760 0.8259 0.7960 0.8027 0.7703 0.7885 0.8788 0.8761 0.8968 0.8815 0.7762 0.8260 0.8620 0.8772 0.8631 0.9135 0.8034 0.8578 0.8719 0.8829 0.8626 0.8529 0.8003 0.8451 0.8390 0.8626 0.8534 0.8539 0.8615 0.8606 0.8954 0.8681 0.8447 0.8422 0.8707 0.8376 0.8691 0.8083 0.8622 0.8191 0.8042 0.8090 0.8152 0.8385 0.8453 0.8803 0.8167 0.8766 0.8657 0.9097 0.9098 0.8555 0.8496 0.9269 0.9124 
0.8656 0.8298 0.8297 0.7975 0.8291 0.8844 0.8848 0.8894 0.8719 0.8090 0.8438 0.8882 0.8895 0.8280 0.8892 0.8294 0.8192 0.8685 0.7836 0.8190 0.7777 0.7608 0.7652 0.8301 0.8377 0.8546 0.8512 0.7607 0.8499 0.8354 0.8704 0.9196 0.8706 0.7966 0.9154 0.8888 0.7893 0.8190 0.7887 0.7549 0.7599 0.8309 0.8365 0.8545 0.8697 0.7722 0.8520 0.8322 0.8818 0.9250 0.8797 0.7988 0.9220 0.8944 0.7743 0.8353 0.7935 0.7643 0.7693 0.8034 0.8164 0.8287 0.8647 0.7855 0.8773 0.8237 0.8686 0.9489 0.8411 0.8271 0.9455 0.9056 0.7601 0.8481 0.8024 0.7900 0.7891 0.7666 0.7923 0.7949 0.8627 0.7892 0.8834 0.8258 0.8702 0.9349 0.8079 0.8403 0.9294 0.8982 0.8658 0.8441 0.8302 0.7919 0.8453 0.8876 0.9026 0.9036 0.8602 0.8069 0.8430 0.8985 0.8821 0.8435 0.9018 0.8460 0.8416 0.8778 0.8350 0.8559 0.8223 0.7941 0.8077 0.8568 0.8704 0.8836 0.8974 0.8223 0.8728 0.8784 0.9277 0.9038 0.8914 0.8412 0.9097 0.9260 0.7590 0.8776 0.8303 0.8291 0.8413 0.7417 0.7998 0.7758 0.8088 0.8333 0.8951 0.8111 0.8366 0.8474 0.7759 0.8819 0.8444 0.8601 0.8209 0.8984 0.8602 0.8373 0.8735 0.7877 0.8387 0.8066 0.8434 0.8600 0.8876 0.8486 0.8587 0.8189 0.8065 0.8825 0.8134 0.8674 0.9029 0.8544 0.8504 0.8125 0.8502 0.8699 0.9167 0.9011 0.9031 0.8606 0.8360 0.9045 0.9097 0.8272 0.8936 0.8490 0.8332 0.8770 0.8700 0.8789 0.8634 0.8092 0.8517 0.8557 0.8747 0.8829 0.9047 0.8776 0.8724 0.9008 0.9286 0.8552 0.8846 0.8637 0.8604 0.9095 0.8190 0.9003 0.8540 0.8174 0.8555 0.8035 0.8293 0.8350 0.8641 0.8629 0.8752 0.8751 0.8990 0.8582 0.8375 0.8805 0.8609 0.8792 0.8630 0.8747 0.8602 0.8227 0.8707 0.8463 0.8838 0.8696 0.8754 0.8405 0.8769 0.8974 0.8925 0.8480 0.8580 0.8913 0.8493 0.8919 0.7985 0.8496 0.8789 0.7835 0.8521 0.7605 0.7783 0.7814 0.7948 0.8181 0.8104 0.8354 0.8070 0.8036 0.7823 0.8514 0.8047 0.8128 0.8045 0.8987 0.8659 0.8171 0.8710 0.7846 0.7973 0.8032 0.8323 0.8693 0.8490 0.8625 0.8591 0.8384 0.7988 0.8639 0.8353 0.8467 0.8927 0.8803 0.8927 0.7988 0.8699 0.8624 0.8682 0.8790 0.9020 0.9006 0.8484 0.9197 0.9073 0.8098 0.8694 0.8801 0.8150 0.8716 0.9037 0.8575 0.8736 0.8016 0.8740 0.8666 0.8729 0.8743 0.8780 0.8798 0.8368 0.9080 0.8797 0.7820 0.8569 0.8596 0.7873 0.8457 0.8987 0.8575 0.8812 0.8091 0.8751 0.8901 0.8999 0.9067 0.9122 0.8577 0.8535 0.9310 0.9198 0.8314 0.8937 0.8646 0.8370 0.8822 
0.8495 0.8679 0.8406 0.8086 0.8431 0.8522 0.8733 0.8818 0.9202 0.8570 0.8779 0.8915 0.9298 0.8556 0.8871 0.8576 0.8609 0.9162 0.8595 0.8397 0.8324 0.8056 0.8276 0.8623 0.8774 0.8786 0.8623 0.8163 0.8702 0.8736 0.8870 0.8672 0.8644 0.8455 0.8591 0.8843 0.9141 0.8248 0.8334 0.7866 0.8297 0.8898 0.9145 0.9254 0.9024 0.8527 0.8129 0.9094 0.9021 0.8139 0.9142 0.8286 0.8219 0.8585 0.7974 0.7988 0.7797 0.7546 0.7584 0.8476 0.8450 0.8671 0.8710 0.7738 0.8330 0.8273 0.8764 0.8867 0.8916 0.7847 0.8821 0.8831 0.8034 0.8839 0.8494 0.8117 0.8384 0.8041 0.8320 0.8342 0.8966 0.8516 0.9025 0.8688 0.8928 0.8874 0.8432 0.8807 0.8846 0.9086 0.8656 0.8568 0.8530 0.8200 0.8576 0.8383 0.8685 0.8547 0.8862 0.8231 0.8645 0.8886 0.8763 0.8425 0.8605 0.8617 0.8512 0.8787 0.8110 0.8898 0.8532 0.8107 0.8400 0.8039 0.8363 0.8353 0.8872 0.8782 0.9252 0.8505 0.8971 0.8768 0.8470 0.8777 0.8734 0.9166 0.8296 0.8765 0.8520 0.8127 0.8309 0.8306 0.8556 0.8617 0.9192 0.8423 0.8962 0.8818 0.9229 0.8858 0.8731 0.8624 0.8918 0.9283 0.8519 0.8935 0.8615 0.8102 0.8578 0.8368 0.8505 0.8613 0.8956 0.8942 0.8778 0.8965 0.9200 0.8444 0.8556 0.8781 0.8510 0.8945 0.8227 0.8444 0.8128 0.7839 0.7906 0.8432 0.8523 0.8675 0.8959 0.8061 0.8752 0.8645 0.9129 0.9106 0.8802 0.8276 0.9165 0.9175 0.7872 0.8989 0.8568 0.8233 0.8671 0.7701 0.8146 0.7990 0.8331 0.8662 0.8800 0.8427 0.8572 0.8393 0.7955 0.8841 0.8310 0.8677 0.8833 0.8223 0.8355 0.7887 0.8346 0.9160 0.9147 0.9383 0.8825 0.8212 0.8226 0.8989 0.9037 0.8329 0.9307 0.8239 0.8348 0.8649 0.7922 0.7937 0.7853 0.7650 0.7655 0.8361 0.8420 0.8615 0.8556 0.7599 0.8317 0.8239 0.8563 0.8783 0.8818 0.7898 0.8783 0.8596 0.8378 0.8485 0.8234 0.7915 0.8078 0.8581 0.8731 0.8852 0.9120 0.8269 0.8666 0.8804 0.9268 0.9065 0.9013 0.8385 0.9128 0.9294 0.8228 0.8275 0.8031 0.7846 0.8115 0.8608 0.8633 0.8797 0.8739 0.7860 0.8541 0.8708 0.8764 0.8735 0.8973 0.8436 0.8622 0.8794 0.8675 0.8743 0.8882 0.8063 0.8789 0.8179 0.8531 0.8304 0.8496 0.8808 0.8519 0.8642 0.8546 0.7816 0.8240 0.8784 0.7861 0.8445 0.8530 0.8415 0.8287 0.8055 0.8113 0.8585 0.8919 0.8860 0.8925 0.8181 0.8700 0.8674 0.8984 0.8839 0.8941 0.8350 0.8870 0.9059 0.7973 0.8467 0.8099 0.7716 0.7857 0.8102 0.8325 0.8442 0.8583 0.8033 0.8785 0.8369 0.8752 0.9280 0.8563 0.8359 0.9293 0.8999 
