1.0000 0.8118 0.8419 0.7713 0.8257 0.8909 0.8893 0.8869 0.8508 0.8470 0.7788 0.9028 0.8582 0.7671 0.8716 0.8041 0.7738 0.8163 0.8118 1.0000 0.8764 0.8274 0.8770 0.7762 0.8283 0.8074 0.8380 0.8624 0.9000 0.8579 0.8712 0.8379 0.8049 0.8970 0.8379 0.8773 0.8419 0.8764 1.0000 0.7762 0.8745 0.8092 0.8224 0.8332 0.8388 0.8782 0.8408 0.8572 0.8451 0.7898 0.8184 0.8859 0.7945 0.8297 0.7713 0.8274 0.7762 1.0000 0.8456 0.7551 0.8157 0.7741 0.7902 0.7854 0.8340 0.8019 0.8084 0.7732 0.7723 0.8310 0.7696 0.8041 0.8257 0.8770 0.8745 0.8456 1.0000 0.8001 0.8389 0.8216 0.8228 0.8546 0.8479 0.8644 0.8401 0.7719 0.8066 0.8853 0.7713 0.8282 0.8909 0.7762 0.8092 0.7551 0.8001 1.0000 0.8881 0.9310 0.8581 0.8112 0.7789 0.8923 0.8708 0.7968 0.9115 0.7878 0.7950 0.8239 0.8893 0.8283 0.8224 0.8157 0.8389 0.8881 1.0000 0.9137 0.8635 0.8143 0.8229 0.8963 0.8821 0.8107 0.9078 0.8292 0.8120 0.8554 0.8869 0.8074 0.8332 0.7741 0.8216 0.9310 0.9137 1.0000 0.8841 0.8284 0.8088 0.9040 0.9011 0.8207 0.9423 0.8183 0.8234 0.8532 0.8508 0.8380 0.8388 0.7902 0.8228 0.8581 0.8635 0.8841 1.0000 0.8504 0.8488 0.8963 0.9253 0.8573 0.8857 0.8407 0.8630 0.9001 0.8470 0.8624 0.8782 0.7854 0.8546 0.8112 0.8143 0.8284 0.8504 1.0000 0.8438 0.8517 0.8602 0.7820 0.8116 0.8627 0.7846 0.8395 0.7788 0.9000 0.8408 0.8340 0.8479 0.7789 0.8229 0.8088 0.8488 0.8438 1.0000 0.8345 0.8675 0.8833 0.8120 0.8911 0.8718 0.9038 0.9028 0.8579 0.8572 0.8019 0.8644 0.8923 0.8963 0.9040 0.8963 0.8517 0.8345 1.0000 0.9076 0.8254 0.8953 0.8638 0.8275 0.8732 0.8582 0.8712 0.8451 0.8084 0.8401 0.8708 0.8821 0.9011 0.9253 0.8602 0.8675 0.9076 1.0000 0.8677 0.8941 0.8523 0.8730 0.9154 0.7671 0.8379 0.7898 0.7732 0.7719 0.7968 0.8107 0.8207 0.8573 0.7820 0.8833 0.8254 0.8677 1.0000 0.8334 0.8292 0.9433 0.9060 0.8716 0.8049 0.8184 0.7723 0.8066 0.9115 0.9078 0.9423 0.8857 0.8116 0.8120 0.8953 0.8941 0.8334 1.0000 0.8127 0.8355 0.8624 0.8041 0.8970 0.8859 0.8310 0.8853 0.7878 0.8292 0.8183 0.8407 0.8627 0.8911 0.8638 0.8523 0.8292 0.8127 1.0000 0.8242 0.8695 0.7738 0.8379 0.7945 0.7696 0.7713 0.7950 0.8120 0.8234 0.8630 0.7846 0.8718 0.8275 0.8730 0.9433 0.8355 0.8242 1.0000 0.9077 0.8163 0.8773 0.8297 0.8041 0.8282 0.8239 0.8554 0.8532 0.9001 0.8395 0.9038 0.8732 0.9154 0.9060 0.8624 0.8695 0.9077 1.0000 
0.7453 0.8072 0.7614 0.7493 0.7437 0.7867 0.7965 0.8126 0.8331 0.7527 0.8527 0.7951 0.8386 0.9379 0.8377 0.7961 0.9299 0.8750 0.9427 0.8039 0.8286 0.7764 0.8215 0.9061 0.9126 0.9059 0.8425 0.8233 0.7760 0.8985 0.8559 0.7753 0.8963 0.7991 0.7798 0.8159 0.9466 0.8377 0.8460 0.8005 0.8448 0.8849 0.9137 0.8922 0.8637 0.8487 0.8071 0.9103 0.8780 0.8009 0.8784 0.8248 0.8035 0.8456 0.8408 0.8342 0.8180 0.7788 0.8048 0.8723 0.8770 0.8953 0.9091 0.8201 0.8618 0.8832 0.9223 0.9029 0.9066 0.8247 0.8934 0.9149 0.8415 0.8845 0.8412 0.8209 0.8547 0.8283 0.8831 0.8636 0.8885 0.8415 0.8849 0.8924 0.9014 0.8510 0.8673 0.8696 0.8525 0.9020 0.8829 0.8632 0.8607 0.8214 0.8720 0.8688 0.8899 0.8837 0.8972 0.8643 0.8597 0.8986 0.9126 0.8197 0.8747 0.8585 0.8240 0.8768 0.8826 0.7905 0.8174 0.7692 0.8045 0.9101 0.8995 0.9203 0.8754 0.7960 0.8017 0.8814 0.8764 0.8133 0.9220 0.8020 0.8168 0.8458 0.9401 0.8353 0.8519 0.7963 0.8457 0.8747 0.8977 0.8859 0.8692 0.8534 0.8093 0.9134 0.8811 0.7896 0.8720 0.8291 0.7955 0.8405 0.8900 0.8035 0.8202 0.7859 0.8115 0.8936 0.9197 0.9188 0.8706 0.8143 0.8012 0.8772 0.8787 0.7993 0.9192 0.8053 0.8050 0.8410 0.7438 0.8064 0.7634 0.7422 0.7371 0.7816 0.7917 0.8065 0.8308 0.7548 0.8530 0.7960 0.8390 0.9438 0.8246 0.7984 0.9441 0.8752 0.8284 0.8403 0.8532 0.7361 0.8061 0.7623 0.7631 0.7770 0.8208 0.9018 0.8059 0.8066 0.8227 0.7679 0.7668 0.8196 0.7648 0.8046 0.9008 0.8556 0.8519 0.8062 0.8574 0.9007 0.9092 0.9272 0.9149 0.8664 0.8421 0.9397 0.9275 0.8355 0.9142 0.8594 0.8385 0.8867 0.8597 0.8276 0.8162 0.7826 0.8177 0.8945 0.8940 0.9206 0.9178 0.8250 0.8456 0.9082 0.9115 0.8770 0.9245 0.8342 0.8714 0.9000 0.8212 0.8670 0.8684 0.8504 0.8720 0.7909 0.8292 0.8140 0.8092 0.8312 0.8403 0.8528 0.8344 0.7932 0.8053 0.8789 0.7917 0.8216 0.8029 0.8540 0.8573 0.7911 0.8406 0.7912 0.8126 0.8092 0.8644 0.8571 0.8855 0.8375 0.8495 0.8428 0.8117 0.8644 0.8304 0.8631 0.8103 0.8692 0.8660 0.8177 0.8707 0.7935 0.8214 0.8053 0.8539 0.8525 0.8740 0.8435 0.8409 0.8178 0.8070 0.8606 0.8106 0.8576 0.7780 0.8978 0.8570 0.8411 0.8722 0.7634 0.8165 0.7932 0.8298 0.8473 0.8903 0.8394 0.8496 0.8368 0.7935 0.9035 0.8327 0.8710 0.8674 0.8414 0.8170 0.7980 0.8446 0.8928 0.8951 0.9035 0.8853 0.8114 0.8500 0.9150 0.9031 0.8613 0.9028 0.8427 0.8503 0.8831 0.8575 0.9082 0.8909 0.8150 0.8722 0.8251 0.8400 0.8503 0.8756 0.9065 0.8678 0.8902 0.8936 0.8193 0.8424 0.8875 0.8220 0.8717 
0.8302 0.8889 0.8300 0.8239 0.8389 0.7926 0.8618 0.8168 0.8457 0.8331 0.9052 0.8453 0.8670 0.8622 0.8218 0.8672 0.8602 0.8990 0.8030 0.8619 0.7935 0.8282 0.8266 0.8218 0.8618 0.8517 0.8759 0.8025 0.8884 0.8573 0.8872 0.8959 0.8602 0.8652 0.8940 0.9202 0.8432 0.9188 0.8676 0.8162 0.8747 0.8109 0.8344 0.8330 0.8586 0.8909 0.8832 0.8900 0.8875 0.8362 0.8265 0.8920 0.8356 0.8810 0.8670 0.8824 0.8646 0.8166 0.8675 0.8520 0.8851 0.8802 0.8763 0.8346 0.8630 0.9256 0.8999 0.8422 0.8766 0.8894 0.8444 0.8880 0.8260 0.8703 0.8256 0.8044 0.8162 0.8271 0.8634 0.8568 0.9015 0.8184 0.8957 0.8840 0.9097 0.9079 0.8675 0.8567 0.9065 0.9310 0.8507 0.7922 0.7957 0.7563 0.7947 0.9046 0.8773 0.9095 0.8697 0.7867 0.8062 0.8947 0.8816 0.8445 0.9218 0.7983 0.8323 0.8548 0.8728 0.8903 0.8621 0.8171 0.8682 0.8598 0.8919 0.8896 0.9159 0.8778 0.8741 0.9301 0.9327 0.8524 0.8848 0.8845 0.8534 0.9076 0.8172 0.8374 0.8080 0.7791 0.7846 0.8491 0.8611 0.8793 0.8870 0.7963 0.8638 0.8555 0.9060 0.9091 0.8895 0.8158 0.9106 0.9143 0.8129 0.8071 0.8063 0.7621 0.7835 0.8582 0.8533 0.8821 0.8799 0.7766 0.8361 0.8609 0.8718 0.8949 0.8956 0.8248 0.8861 0.8865 0.8248 0.8199 0.8517 0.7891 0.8288 0.8077 0.8279 0.8089 0.8288 0.8199 0.8416 0.8229 0.8192 0.7801 0.8098 0.8385 0.7850 0.8336 0.8258 0.8777 0.8315 0.8049 0.8265 0.8487 0.8700 0.8740 0.9010 0.8388 0.8956 0.8862 0.9321 0.9145 0.8792 0.8655 0.9116 0.9412 0.8115 0.8649 0.8729 0.8138 0.8603 0.8084 0.8282 0.8333 0.8429 0.8170 0.8491 0.8733 0.8539 0.8421 0.8399 0.8818 0.8470 0.8584 0.8290 0.8563 0.8299 0.8286 0.8501 0.8159 0.8757 0.8405 0.8731 0.8085 0.8902 0.8590 0.8646 0.8740 0.8399 0.8702 0.8698 0.8965 0.8376 0.8810 0.8323 0.8195 0.8455 0.8443 0.8803 0.8765 0.8942 0.8540 0.8932 0.8908 0.9269 0.8864 0.8812 0.8739 0.8856 0.9310 0.8232 0.8895 0.8853 0.8487 0.8843 0.7954 0.8376 0.8281 0.8495 0.8526 0.8726 0.8545 0.8655 0.8343 0.8270 0.8724 0.8367 0.8546 0.8654 0.8724 0.8482 0.8154 0.8673 0.8522 0.8844 0.8789 0.8849 0.8783 0.8707 0.9141 0.8912 0.8257 0.8694 0.8857 0.8286 0.8813 0.7609 0.8562 0.8010 0.7762 0.7868 0.7800 0.8024 0.8058 0.8585 0.7918 0.9017 0.8275 0.8734 0.9325 0.8171 0.8428 0.9341 0.9105 
0.8710 0.8317 0.8019 0.8143 0.8381 0.8529 0.9116 0.8759 0.8453 0.7983 0.8307 0.8739 0.8680 0.8266 0.8759 0.8293 0.8279 0.8639 0.8370 0.9009 0.8464 0.8260 0.8597 0.8210 0.8703 0.8502 0.8867 0.8699 0.9074 0.8859 0.9101 0.8629 0.8530 0.8788 0.8622 0.9159 0.7911 0.8568 0.8232 0.8153 0.8357 0.7863 0.8348 0.8169 0.8591 0.8056 0.8770 0.8401 0.8509 0.8695 0.8216 0.8801 0.8688 0.8850 0.8862 0.8333 0.8355 0.7884 0.8338 0.9114 0.8956 0.9178 0.9052 0.8434 0.8372 0.9244 0.9206 0.8521 0.9067 0.8314 0.8489 0.8786 0.8443 0.8278 0.8133 0.7927 0.8159 0.8837 0.9020 0.9136 0.8940 0.8061 0.8498 0.8862 0.9055 0.8736 0.9313 0.8308 0.8686 0.9028 0.8431 0.8136 0.7908 0.7996 0.8203 0.8583 0.9016 0.8830 0.8724 0.7864 0.8475 0.8618 0.8722 0.8511 0.8874 0.8107 0.8424 0.8785 0.7557 0.8217 0.7580 0.7740 0.7747 0.7951 0.8206 0.8200 0.8352 0.7488 0.8593 0.8119 0.8498 0.9103 0.8396 0.8120 0.9014 0.8797 0.9018 0.8506 0.8366 0.8105 0.8648 0.8966 0.9151 0.9144 0.8768 0.8496 0.8324 0.9341 0.8894 0.8082 0.8963 0.8604 0.8117 0.8613 0.8843 0.8506 0.8443 0.8193 0.8612 0.8814 0.9215 0.9063 0.8926 0.8306 0.8520 0.9131 0.9064 0.8282 0.8978 0.8515 0.8290 0.8815 0.7725 0.8720 0.8048 0.8140 0.8209 0.7944 0.8246 0.8165 0.8534 0.8118 0.9175 0.8270 0.8742 0.9081 0.8316 0.8750 0.8957 0.9206 0.8215 0.8513 0.8226 0.8148 0.8479 0.8412 0.8750 0.8666 0.8718 0.7916 0.8797 0.8692 0.8740 0.8778 0.8807 0.8699 0.8687 0.8950 0.8726 0.8341 0.8375 0.8134 0.8578 0.8705 0.8854 0.8671 0.8392 0.8024 0.8361 0.8850 0.8580 0.7982 0.8542 0.8584 0.7975 0.8497 0.7748 0.8828 0.8360 0.8185 0.8671 0.7488 0.7968 0.7799 0.7986 0.8715 0.8774 0.8155 0.8275 0.8179 0.7768 0.8792 0.8061 0.8413 0.8209 0.8967 0.8898 0.8034 0.8587 0.8063 0.8431 0.8408 0.8873 0.8709 0.8926 0.8673 0.8974 0.8548 0.8461 0.8835 0.8634 0.9062 0.8496 0.8890 0.8402 0.8300 0.8677 0.8367 0.8887 0.8700 0.8849 0.8567 0.8797 0.9019 0.9069 0.8477 0.8697 0.8790 0.8502 0.9055 0.8195 0.8274 0.7931 0.8182 0.8184 0.8385 0.8807 0.8676 0.8534 0.7794 0.8663 0.8455 0.8631 0.8676 0.8744 0.8356 0.8595 0.8798 0.8076 0.8640 0.8134 0.7922 0.8032 0.8287 0.8588 0.8594 0.8773 0.8124 0.8952 0.8561 0.8983 0.9271 0.8682 0.8479 0.9252 0.9335 0.8541 0.8471 0.8139 0.8131 0.8410 0.8769 0.9026 0.9103 0.8898 0.8307 0.8432 0.9006 0.9178 0.8496 0.9067 0.8435 0.8519 0.8962 
