1.0000 0.8473 0.8925 0.8648 0.8473 1.0000 0.9029 0.9378 0.8925 0.9029 1.0000 0.9261 0.8648 0.9378 0.9261 1.0000 
1.0000 0.8974 0.9140 0.9179 0.8974 1.0000 0.8772 0.8883 0.9140 0.8772 1.0000 0.9047 0.9179 0.8883 0.9047 1.0000 
0.8858 0.8491 0.9120 0.8702 0.8430 0.8173 0.8496 0.8184 0.9004 0.8328 0.8826 0.8508 0.9073 0.8515 0.9000 0.8569 
